4294967278,42
4294967278,41
4294967278,40
4294967278,39
4294967278,38
4294967278,37
4294967278,36
4294967278,35
4294967278,34
4294967278,33
4294967278,32
4294967278,31
4294967278,30
4294967278,29
4294967278,28
4294967278,27
4294967279,39
4294967279,37
4294967279,35
4294967279,32
4294967279,31
4294967279,29
4294967279,28
4294967279,26
4294967279,25
4294967279,24
4294967279,23
4294967279,22
4294967279,20
4294967279,18
4294967279,17
4294967279,16
4294967279,11
4294967278,330
4294967294,422
4294967294,97
4294967279,401
4294967278,329
4294967278,202
4294967278,328
4294967279,400
4294967294,430
4294967279,399
4294967278,327
4294967278,200
4294967278,326
4294967294,470
4294967294,186
4294967279,398
4294967279,397
4294967278,325
4294967278,198
4294967278,324
4294967279,396
4294967279,395
4294967294,40
4294967294,41
4294967294,38
4294967294,37
4294967278,323
4294967278,196
4294967278,322
4294967279,394
4294967279,393
4294967294,91
4294967294,90
4294967294,87
4294967294,86
4294967294,84
4294967294,1419
4294967294,83
4294967294,158
4294967294,128
4294967294,157
4294967294,388
4294967294,387
4294967294,53
4294967294,393
4294967294,45
4294967294,44
4294967294,426
4294967294,43
4294967294,82
4294967278,321
4294967278,194
4294967278,320
4294967279,392
4294967278,132
4294967278,131
4294967278,130
4294967278,129
4294967278,128
4294967278,127
4294967278,126
4294967278,125
4294967278,124
4294967278,123
4294967278,122
4294967278,121
4294967278,120
4294967278,119
4294967278,118
4294967278,117
4294967278,116
4294967278,115
4294967278,114
4294967278,113
4294967278,112
4294967278,111
4294967278,110
4294967278,109
4294967278,108
4294967278,107
4294967278,106
4294967278,105
4294967278,104
4294967278,103
4294967278,102
4294967278,101
4294967278,100
4294967278,99
4294967278,98
4294967278,97
4294967278,96
4294967278,95
4294967278,94
4294967278,93
4294967278,92
4294967278,91
4294967278,90
4294967278,89
4294967278,87
4294967278,86
4294967278,85
4294967278,84
4294967278,83
4294967278,82
4294967278,81
4294967278,77
4294967278,76
4294967278,74
4294967278,73
4294967278,70
4294967278,67
4294967278,65
4294967278,64
4294967278,62
4294967278,61
4294967278,60
4294967278,56
4294967278,54
4294967278,53
4294967278,52
4294967278,51
4294967278,49
4294967278,46
4294967278,44
4294967278,43
4294967279,38
4294967279,36
4294967279,34
4294967279,27
4294967279,21
4294967279,19
4294967279,15
4294967279,14
4294967279,13
4294967279,12
4294967279,10
4294967279,9
4294967279,8
4294967279,7
4294967279,6
4294967279,5
4294967279,4
4294967279,391
4294967278,80
4294967279,390
4294967278,79
4294967279,389
4294967278,260
4294967278,78
4294967278,72
19,15
19,0
19,12
19,14
4294967294,418
4294967294,30
4294967294,1065
4294967294,61
4294967278,190
4294967278,189
4294967294,11
4294967278,319
4294967278,174
19,13
18,7
18,0
18,6
4294967278,177
19,10
19,11
19,9
19,5
19,8
19,7
19,6
4294967278,318
4294967278,75
4294967279,388
4294967278,185
4294967279,387
4294967278,317
4294967278,71
4294967278,69
4294967278,277
4294967278,68
4294967278,302
4294967278,180
4294967294,8
4294967294,46
4294967294,115
4294967278,179
4294967278,316
4294967278,66
4294967279,386
4294967278,178
4294967279,385
4294967278,315
4294967278,63
4294967278,175
19,4
19,3
19,2
19,1
4294967278,173
4294967278,59
4294967278,298
4294967278,50
4294967294,50
4294967294,89
4294967278,314
4294967278,58
4294967279,384
4294967278,313
4294967278,57
4294967278,168
4294967279,319
4294967279,260
4294967278,167
4294967278,312
4294967278,55
4294967278,166
4294967278,165
4294967278,162
4294967278,164
18,5
18,4
4294967278,163
18,3
18,2
18,1
4294967278,295
4294967294,6
4294967294,22
4294967294,187
4294967294,1068
4294967294,153
4294967294,1072
4294967294,1420
4294967294,441
4294967294,81
4294967278,48
4294967278,294
4294967279,318
4294967278,311
4294967278,47
4294967279,317
4294967278,158
4294967294,36
4294967294,39
4294967294,129
4294967294,154
4294967278,157
4294967278,310
4294967278,45
4294967278,156
17,5
17,4
17,2
17,1
4294967294,17
4294967294,99
4294967294,76
4294967279,151
16,4
16,3
16,2
16,1
4294967278,309
4294967294,473
